//LeNet (endurance)

Iteration:     6248361579 1778462135 1571837791 2371694247 2606857823 ,
Writes:    5964428700 ,3395414100 ,3001340100 ,3396020235 ,4834716424 ,
SET:       39756261045 ,25732952290 ,25275194113 ,28347799069 ,29825030048 ,
RESET:     39756265395 ,25732956880 ,25275189154 ,28347802700 ,29825034553 ,
SET pre:   
SET lat:   5961845748 ,       0 ,1500670200 ,       0 ,1835661332 ,
RESET lat:  2582952 ,1697707200 ,       0 ,2264021000 ,652829668 ,
Wom: 2821590639 ,2263998670 ,2739596371 ,3287931203 ,3681157080 ,3785893743 ,3804455113 ,3817941646 ,3818357761 ,3820099025 ,3820729454 ,3820834038 ,3818838762 ,3819544996 ,3813327474 ,3761305794 ,

App: 4235339110 ,2257056162 ,2259273388 ,2821862076 ,4012511160 ,4297627041 ,3955807167 ,3963169078 ,3970388242 ,3976608169 ,3978468740 ,3979985385 ,3981437151 ,3982253371 ,3985118180 ,3993160181 ,

//GoogLeNet (endurance)

Iteration:     6274748447 ,1801633679 ,1569024855 ,2352126639 ,2607644263 ,
Writes:    5990724000 ,3445475700 ,3001296858 ,3370383847 ,4855260677 ,
SET:       39925395577 ,25983866567 ,25386221297 ,28161023186 ,29990618527 ,
RESET:     39925400254 ,25983871111 ,25386216201 ,28161026723 ,29990622936 ,
SET pre:   
SET lat:   5988167884 ,       0 ,1500648558 ,       0 ,1842542237 ,
RESET lat:  2556116 ,1722738000 ,      42 ,2246932400 ,649388363 ,
Wom: 2872853445 ,2246903514 ,2684792681 ,3265482955 ,3686992886 ,3742419686 ,3781984340 ,3789058127 ,3791529260 ,3792685377 ,3791600314 ,3791543109 ,3790376560 ,3787977807 ,3776980427 ,3728869421 ,
App: 4201186374 ,2287170408 ,2289341636 ,2897699248 ,4161582111 ,4296903146 ,3958311603 ,3971520027 ,3979825923 ,3982697711 ,3985230055 ,3987424830 ,3989162274 ,3991736982 ,3995083641 ,4006365494 ,

//DenseNet (endurance)

Iteration:     6211525595 ,2185940387 ,1654785539 ,2208486885 ,3007555507 ,
Writes:    5982157200 ,4210866900 ,3188051100 ,3190791226 ,5669606801 ,
SET:       40274603557 ,31338352868 ,27282520960 ,26707480936 ,35174116956 ,
RESET:     40274608074 ,31338357380 ,27282515823 ,26707484802 ,35174121400 ,
SET pre:   
SET lat:   5979857831 ,       0 ,1594025700 ,       0 ,2134972130 ,
RESET lat:  2299369 ,2105433600 ,       0 ,2127220600 ,761696670 ,
Wom: 2642288310 ,2127141452 ,2366643969 ,3362164492 ,3508972013 ,3540940604 ,3578174833 ,3586525419 ,3588719875 ,3589037113 ,3589649663 ,3589175138 ,3588751053 ,3589216481 ,3588439776 ,3579125547 ,
App: 4853649370 ,2711406358 ,2712778894 ,4003978756 ,4799633278 ,5009477602 ,4598342627 ,4613468798 ,4621944871 ,4626574410 ,4629151776 ,4630109103 ,4631720190 ,4631464752 ,4631574864 ,4642962707 ,

//LeNet (Mono iteration)

Iteration:            0 ,       0 ,       0 ,       0 ,       0 ,
Writes:     7743624 ,15486948 ,15486948 ,11615226 ,15044257 ,
SET:       51613767 ,117368461 ,130423105 ,96944361 ,92805513 ,
RESET:     51618169 ,117372863 ,130417907 ,96948417 ,92810023 ,
SET pre:   
SET lat:    7739972 ,       0 , 7743624 ,       0 , 5712612 ,
RESET lat:     3652 , 7743624 ,       0 , 7743624 , 2031012 ,
Wom: 9648815 ,7743404 ,9369559 ,11244232 ,12589617 ,12943581 ,13012103 ,13062468 ,13060965 ,13061036 ,13066612 ,13062634 ,13062590 ,13066030 ,13038505 ,12860627 ,
App: 13179091 ,7023372 ,7030272 ,8780776 ,12485871 ,13375187 ,12309257 ,12332204 ,12354656 ,12374039 ,12379806 ,12384504 ,12389047 ,12391591 ,12400425 ,12425438 ,

//GoogLeNet (Mono iteration)

Iteration:            0 ,       0 ,       0 ,       0 ,       0 ,
Writes:    110453952 ,220907604 ,220907601 ,165680060 ,215210889 ,
SET:       736134482 ,1665826288 ,1868695688 ,1384389921 ,1329348977 ,
RESET:     736138970 ,1665830776 ,1868690576 ,1384393724 ,1329353429 ,
SET pre:   
SET lat:   110406543 ,       0 ,110453949 ,       0 ,81671555 ,
RESET lat:    47409 ,110453952 ,       3 ,110453952 ,28782397 ,
Wom: 141244180 ,110452436 ,131969581 ,160552910 ,181249091 ,183972331 ,185918845 ,186261941 ,186379969 ,186438815 ,186382899 ,186384490 ,186327277 ,186214054 ,185680362 ,183354464 ,
App: 186217348 ,101384806 ,101481018 ,128475861 ,184475755 ,190465506 ,175450438 ,176036290 ,176403859 ,176531046 ,176643183 ,176740673 ,176816540 ,176930093 ,177076833 ,177573157 ,

//DenseNet (Mono iteration)

Iteration:            0 ,       0 ,       0 ,       0 ,       0 ,
Writes:    19746948 ,39493596 ,39493596 ,29619891 ,38650146 ,
SET:       132943406 ,293918658 ,337979231 ,247916177 ,239781730 ,
RESET:     132947853 ,293923105 ,337974078 ,247919813 ,239786149 ,
SET pre:   
SET lat:   19739059 ,       0 ,19746948 ,       0 ,14553793 ,
RESET lat:     7889 ,19746948 ,       0 ,19746948 , 5193155 ,
Wom: 24526847 ,19746086 ,21968740 ,31212283 ,32575241 ,32870206 ,33214656 ,33293762 ,33311824 ,33313739 ,33322311 ,33315849 ,33312503 ,33318477 ,33309221 ,33224245 ,
App: 33087752 ,18483928 ,18493284 ,27296715 ,32719132 ,34147728 ,31347209 ,31450312 ,31508145 ,31539720 ,31557266 ,31563779 ,31574768 ,31572954 ,31573790 ,31651397 ,
